# The alternative reconstruction kernel, variant 0 (spec 8.3)
# generated by tools/spec-vectors; see docs/mqa-stage1-spec.md appendix B
warmup_pairs_a: -50000 -42081 -34162 -26243 -18324 -10405 -2486 5433 13352 21271 29190 37109 45028 -47053 -39134 -31215
warmup_pairs_b: -45000 -30271 -15542 -813 13916 28645 43374 -31897 -17168 -2439 12290 27019 41748 -33523 -18794 -4065
carrier_a: -23296 -15377 -7458 461 8380 16299 24218 32137 40056 47975 -44106 -36187 -28268 -20349 -12430 -4511 3408 11327 19246 27165 35084 43003 -49078 -41159
carrier_b: 10664 25393 40122 -35149 -20420 -5691 9038 23767 38496 -36775 -22046 -7317 7412 22141 36870 -38401 -23672 -8943 5786 20515 35244 -40027 -25298 -10569
residual_p: -1500 -163 1174 -489 848 -815 522 -1141 196 -1467 -130 1207 -456 881 -782 555 -1108 229 -1434 -97 1240 -423 914 -749
residual_q: -1250 -1237 -1224 -1211 -1198 -1185 -1172 -1159 -1146 -1133 -1120 -1107 -1094 -1081 -1068 -1055 -1042 -1029 -1016 -1003 -990 -977 -964 -951
dither_l: -350 261 172 83 -6 -95 -184 -273 338 249 160 71 -18 -107 -196 -285 326 237 148 59 -30 -119 -208 -297 314 225 136 47 -42 -131 -220 -309 302 213 124 35 -54 -143 -232 -321 290 201 112 23 -66 -155 -244 -333
dither_r: -250 199 148 97 46 -5 -56 -107 -158 -209 240 189 138 87 36 -15 -66 -117 -168 -219 230 179 128 77 26 -25 -76 -127 -178 -229 220 169 118 67 16 -35 -86 -137 -188 -239 210 159 108 57 6 -45 -96 -147
output_l: 12439 13050 17833 27285 30241 24468 29860 51289 56163 19331 -31914 -53724 -44475 -34008 -32473 -28705 -18553 -13973 -10205 -9482 -7135 -2149 -1223 1733 2953 8548 9677 11618 12950 20778 21095 19585 21414 36144 38288 16478 -19542 -34247 -27434 -21230 -18386 -19287 -14301 -12563 -8592 -7869 -3492 -2363
output_r: -23595 -11575 -5739 3142 10399 10957 19432 41305 49374 20903 -21481 -37366 -25643 -12296 -6663 -218 6227 5161 11606 27592 32507 11547 -16315 -24486 -17026 -11190 -6978 1091 5912 4034 9558 26559 31989 10420 -17645 -25613 -18153 -12114 -7902 -36 4473 3001 8837 25432 30456 9496 -18366 -26740
