# The short reconstruction filter, variant 1 (spec 8.2)
# generated by tools/spec-vectors; see docs/mqa-stage1-spec.md appendix B
carrier_a: -25000 -15069 -5138 4793 14724 24655 -15414 -5483
carrier_b: -20000 -12283 -4566 3151 10868 18585 -13698 -5981
residual_p: -450 163 -124 -411 202 -85 -372 241
residual_q: -350 69 -212 207 -74 345 64 -217
dither_l: -900 -769 -638 -507 -376 -245 -114 17 148 279 410 541 672 803 934 1065
dither_r: 700 623 546 469 392 315 238 161 84 7 -70 -147 -224 -301 -378 -455
output_l: -88 -1175 -4698 -9845 -13977 -10192 -3565 220 -258 685 5891 8458 9807 9532 5806 -2995
output_r: -112 -798 -3717 -8057 -11382 -8008 -2807 -245 -728 819 3787 6552 7084 7413 3885 -3297
