# The second unfold (spec 13)
# generated by tools/spec-vectors; see docs/mqa-stage1-spec.md appendix B
input_l: 44490 240000 315020 198940 -81184 -247707 -236524 -104085 125563 278281 8388607 -8388608 -194432 -343865 -148154 133378 243295 293709 25964 -183694 -267729 -229534 9949 221303 313582 112258 -64267 -290001 -259815 -50933 198883 305279 201363 10925 -113329 -140205 -201286 -85211 41727 160217 272005 251612 69173 -175908 -286934 -219906 -19560 138902
input_r: -255525 -129520 158925 214042 -6457 -251485 -80590 215749 259462 -10145 -8388608 8388607 127285 237922 -4364 -258367 -113329 76179 205462 7587 -173352 -165549 135630 219585 90512 -217096 -205148 18788 261279 130450 -168384 -254807 41727 22 5000 -110000 220000 -3300 44000 -55000 66000 -7700 88000 -9900 101000 -12000 130000 -14000
plain_x2_l: 1989 11203 38394 97226 187252 277140 321961 302099 228313 115514 -21945 -153249 -240765 -269764 -251444 -201691 -127637 -31277 80539 188171 628538 2341559 4951065 4804002 -774055 -7132864 -6888871 -1039468 2548211 1132960 -913662 -735373 165631 369399 255048 251257 271079 227379 111829 -46036 -174457 -239860 -263160 -264998 -237757 -165941 -49293 85872 200644 273916 301974 273164 179046 51462 -60580 -149571 -235601 -301068 -297238 -214259 -90433 38783 158962 254246 303042 294623 235165 143376 43169 -43697 -104303 -136129 -148083 -158518 -175040 -175403 -130243 -48185 32090 91755 143623 199467 250956 279196 266733 207293 108840 -11978 -134076 -232446 -285480 -286450 -241963 -162467 -60779 42325
plain_x2_r: -11427 -64344 -164666 -243930 -210950 -63292 107428 215638 234333 171429 49941 -93057 -208060 -240326 -159688 2383 167574 269065 280115 202668 -303483 -2149107 -4899089 -4839348 726388 7107492 6858638 967450 -2659588 -1261817 774209 587454 -296065 -430199 -191139 -37265 62560 140924 180491 167779 81034 -51397 -159660 -201830 -177710 -89800 50365 186180 245200 210281 117616 -5397 -142967 -245926 -252892 -160832 -23989 110579 216696 256778 195955 50760 -112870 -230080 -263125 -196694 -58639 60563 77575 16743 -30334 -40821 -50433 -28913 75791 180830 148277 17709 -44232 -8818 10545 -13427 -2951 44186 52676 24262 27915 58836 53147 22004 32105 69087 61916 28207 45042 90739
stream8_x2_l: 28928 52224 169984 276480 281600 337408 245504 166656 32256 -145408 -177664 -287488 -246016 -223232 -165888 -65536 33792 174848 218880 310016 5558016 9817600 -2929920 -10816000 -1870336 -530688 -1144064 1471488 -340992 -704256 224512 180992 202240 268032 286208 287232 129792 -27648 -91648 -242944 -237056 -275968 -253696 -212224 -83968 61440 134400 272384 280576 325888 192512 65792 17408 -117248 -206848 -327424 -269824 -256768 -138496 5632 96256 255232 264448 324608 247552 170496 93952 -39424 -60416 -141056 -134144 -138752 -188416 -203776 -126976 -67072 -11008 76544 114944 181504 234496 289792 261376 245760 141568 27136 -79360 -229888 -243456 -308992 -252160 -195840 -104704 30464 72192 175872
stream8_x2_r: -166400 -300288 -161024 -124160 41216 238592 177920 235008 81152 -63488 -144896 -314880 -134912 -49920 88064 299264 228864 275200 97536 -78336 -5434880 -9896960 2948608 10804480 1814016 472576 1048320 -1588736 204288 546048 -360192 -300800 -166400 -86784 -13056 139008 149760 230912 80896 -33792 -89344 -229632 -163328 -160768 16640 205056 169216 255744 142336 50688 -91904 -287744 -196096 -214016 -75520 82944 157696 319232 172544 106240 -41216 -250112 -207616 -280576 -73472 113408 -14080 22272 13568 -19968 -63232 -128000 110336 269312 54528 -11776 48384 12288 -22528 -53760 25600 77568 8960 -5120 60928 90368 19712 -14848 68608 106752 20736 -17152 87808 139264 27392 -21248
plain_x4_l: 746 1989 5693 11203 22551 38393 63855 97226 138340 187252 232214 277140 305185 321960 320116 302101 271948 228314 176791 115513 49866 -21946 -88367 -153250 -202481 -240766 -262580 -269764 -266518 -251443 -230497 -201692 -167702 -127637 -82245 -31277 22698 80539 134878 188172 366763 628538 1325967 2341558 3534251 4951065 5222105 4804003 2693848 -774057 -3855867 -7132864 -7836218 -6888870 -4664845 -1039469 1037086 2548211 2465950 1132959 188571 -913662 -1102630 -735373 -375211 165630 354669 369399 351987 255047 239333 251258 258217 271080 257169 227379 178586 111830 38186 -46036 -113927 -174458 -215036 -239860 -256773 -263160 -266762 -264997 -255012 -237758 -207421 -165942 -113221 -49292 15976 85872 145807 200643 242467 273916 293598 301975 294678 273164 234269 179046 119438 51462 -6501 -60580 -107957 -149571 -192957 -235601 -270906 -301069 -307815 -297238 -265642 -214260 -157452 -90433 -26499 38783 100002 158961 209716 254245 284455 303042 305986 294623 271274 235165 193311 143376 94325 43169 -1932 -43696 -77282 -104304 -123814 -136130 -144591 -148084 -153491 -158519 -166019 -175040 -177241 -175403 -158514 -130243 -93827 -48185 -7825 32088 64498 91755 118664 143623 171049 199468 225757 250957 267983 279197 278053 266732 242884 207292 162943 108839 51227 -11978 -72867 -134076 -186228 -232445 -264629 -285480 -292473 -286449 -269889 -241964 -206592 -162467 -114397 -60779 -9404 42325
plain_x4_r: -4285 -11427 -32699 -64342 -108578 -164665 -206930 -243931 -241471 -210950 -151455 -63291 19186 107428 169347 215639 236175 234333 213080 171429 118008 49939 -18871 -93057 -154058 -208060 -234535 -240325 -214120 -159688 -88832 2382 84588 167573 226282 269064 285895 280115 252454 202668 3180 -303484 -1058861 -2149107 -3411053 -4899088 -5220434 -4839348 -2744729 726388 3815019 7107491 7811810 6858639 4618335 967449 -1129088 -2659588 -2588803 -1261817 -323586 774209 958678 587454 232790 -296065 -456804 -430199 -357318 -191140 -103553 -37265 19403 62561 104425 140925 165557 180490 180670 167779 133661 81034 20529 -51396 -108549 -159661 -189006 -201829 -198056 -177709 -141728 -89801 -26249 50365 118817 186181 225290 245200 239483 210280 171166 117616 59903 -5396 -72362 -142967 -198772 -245927 -261408 -252892 -219239 -160831 -98008 -23989 43579 110578 167194 216697 244992 256778 238979 195956 133903 50759 -28750 -112870 -177277 -230079 -257123 -263124 -242344 -196694 -136620 -58639 3318 60564 81843 77577 56890 16743 -8514 -30335 -40152 -40821 -45736 -50432 -43564 -28914 13041 75792 128269 180830 181752 148277 95244 17709 -21840 -44233 -38695 -8818 2870 10545 3977 -13426 -12495 -2952 16034 44186 53262 52676 43082 24263 22079 27914 39966 58836 60567 53147 40758 22004 21899 32105 47236 69087 71020 61915 48379 28208 30307 45042 64284 90739
stream8_x4_l: 10240 29696 41984 51200 99328 167936 228352 275456 290816 282624 302080 337920 309248 245760 204800 166912 107520 30720 -52224 -144384 -179200 -178176 -222208 -288768 -284672 -245760 -232448 -223232 -199680 -165888 -119808 -65536 -18432 35840 101376 173056 206848 221184 257024 311296 2289664 5557248 7811072 9818112 5569536 -2929664 -7480320 -10816512 -8446976 -1871872 -247808 -530432 -593920 -1143808 -241664 1471488 1122304 -343040 -704512 -704512 -400384 224256 324608 181248 181248 204800 229376 267264 282624 286720 288768 287744 228352 129024 52224 -29696 -70656 -90112 -156672 -243712 -261120 -235520 -248832 -277504 -274432 -253952 -233472 -209920 -160768 -87040 -11264 62464 105472 136192 193536 272384 293888 280576 296960 326656 282624 191488 128000 67584 29696 17408 -36864 -118784 -167936 -206848 -263168 -326656 -319488 -273408 -256000 -257024 -210944 -137216 -70656 6144 58368 94208 166912 258048 276480 264192 289792 323584 303104 248832 207872 169984 132096 95232 34816 -40960 -64512 -57344 -96256 -140288 -147456 -136192 -133120 -140288 -156672 -187392 -203776 -201728 -176128 -128000 -95232 -67584 -35840 -12288 27648 75776 103424 116736 142336 182272 207872 236544 262144 288768 286720 260096 251904 247808 202752 143360 84992 25600 -26624 -77824 -150528 -228352 -254976 -244736 -267264 -309248 -296960 -252928 -222208 -196608 -154624 -104448 -40960 27648 62464 74752 115712 175104
stream8_x4_r: -62464 -165888 -237568 -301056 -264192 -160768 -131072 -121856 -59392 40960 137216 238592 240640 176128 192512 235520 183296 82944 8192 -64512 -114688 -142336 -218112 -315392 -270336 -135168 -76800 -51200 10240 88064 185344 301056 299008 226304 238592 275456 214016 98304 10240 -79872 -2109440 -5435392 -7776256 -9894912 -5640192 2948096 7498752 10808320 8414208 1812480 188416 473088 518144 1049600 133120 -1590272 -1247232 205824 558080 543744 248832 -358400 -452608 -301056 -242688 -164864 -121856 -86016 -47104 -15360 51200 141312 164864 146432 182272 230400 184320 81920 19456 -33792 -69632 -89088 -148480 -231424 -221184 -161792 -155648 -160768 -94208 16384 110592 204800 216064 167936 196608 256000 225280 141312 94208 51200 -15360 -91136 -183296 -288768 -276480 -195584 -192512 -214016 -164864 -75776 2048 86016 126976 157696 228352 319488 284672 173056 128000 105472 45056 -40960 -140288 -249856 -260096 -205824 -229376 -284672 -208896 -73728 23552 109568 91136 -13312 -14336 18432 23552 14336 2048 -21504 -40960 -63488 -92160 -126976 -47104 108544 199680 271360 208896 53248 2048 -11264 4096 46080 44032 11264 -4096 -23552 -39936 -52224 -26624 24576 55296 75776 58368 10240 -4096 -5120 16384 61440 78848 92160 68608 18432 -3072 -14336 12288 68608 93184 108544 77824 20480 -4096 -18432 19456 88064 118784 140288 102400 28672 -6144 -18432
